time	amp
1.0208	0.0262451
1.0212	0.0231934
1.0216	0.022583
1.022	0.0231934
1.0224	0.0256348
1.0228	0.022583
1.0232	0.0238037
1.0236	0.0256348
1.024	0.0250244
1.0244	0.0262451
1.0248	0.0250244
1.0252	0.0219727
1.0256	0.0231934
1.026	0.0238037
1.0264	0.0238037
1.0268	0.0250244
1.0272	0.0213623
1.0276	0.0244141
1.028	0.0256348
1.0284	0.0231934
1.0288	0.0250244
1.0292	0.0238037
1.0296	0.0219727
1.03	0.0238037
1.0304	0.0244141
1.0308	0.0256348
1.0312	0.0238037
1.0316	0.0250244
1.032	0.0256348
1.0324	0.0244141
1.0328	0.0219727
1.0332	0.0231934
1.0336	0.0250244
1.034	0.0231934
1.0344	0.0274658
1.0348	0.0256348
1.0352	0.0231934
1.0356	0.0250244
1.036	0.0231934
1.0364	0.0256348
1.0368	0.0256348
1.0372	0.0238037
1.0376	0.0244141
1.038	0.0238037
1.0384	0.0250244
1.0388	0.0238037
1.0392	0.022583
1.0396	0.0256348
1.04	0.0274658
1.0404	0.0250244
1.0408	0.0262451
1.0412	0.0250244
1.0416	0.0256348
1.042	0.0262451
1.0424	0.0280762
1.0428	0.0231934
1.0432	0.0262451
1.0436	0.0250244
1.044	0.0256348
1.0444	0.0268555
1.0448	0.0250244
1.0452	0.0244141
1.0456	0.0250244
1.046	0.0244141
1.0464	0.0244141
1.0468	0.0262451
1.0472	0.0256348
1.0476	0.0250244
1.048	0.0262451
1.0484	0.0231934
1.0488	0.0256348
1.0492	0.0244141
1.0496	0.0213623
1.05	0.0268555
1.0504	0.0262451
1.0508	0.0244141
1.0512	0.0250244
1.0516	0.0219727
1.052	0.0244141
1.0524	0.0256348
1.0528	0.022583
1.0532	0.0250244
1.0536	0.0238037
1.054	0.0238037
1.0544	0.0231934
1.0548	0.0244141
1.0552	0.0238037
1.0556	0.0238037
1.056	0.0250244
1.0564	0.0268555
1.0568	0.0250244
1.0572	0.0244141
1.0576	0.0256348
1.058	0.0244141
1.0584	0.0250244
1.0588	0.0250244
1.0592	0.022583
1.0596	0.022583
1.06	0.0244141
1.0604	0.0238037
1.0608	0.022583
1.0612	0.022583
1.0616	0.0231934
1.062	0.022583
1.0624	0.0238037
1.0628	0.0250244
1.0632	0.0231934
1.0636	0.0268555
1.064	0.0238037
1.0644	0.0244141
1.0648	0.0238037
1.0652	0.0219727
1.0656	0.0268555
1.066	0.0250244
1.0664	0.0250244
1.0668	0.022583
1.0672	0.0250244
1.0676	0.0238037
1.068	0.0231934
1.0684	0.0238037
1.0688	0.0238037
1.0692	0.0250244
1.0696	0.0219727
1.07	0.0262451
1.0704	0.0238037
1.0708	0.0231934
1.0712	0.0262451
1.0716	0.0256348
1.072	0.0244141
1.0724	0.0238037
1.0728	0.0238037
1.0732	0.0244141
1.0736	0.0244141
1.074	0.0244141
1.0744	0.0244141
1.0748	0.0231934
1.0752	0.022583
1.0756	0.0256348
1.076	0.022583
1.0764	0.0238037
1.0768	0.0250244
1.0772	0.0231934
1.0776	0.0250244
1.078	0.0274658
1.0784	0.0238037
1.0788	0.0256348
1.0792	0.0244141
1.0796	0.0231934
1.08	0.0262451
1.0804	0.0250244
1.0808	0.0238037
1.0812	0.022583
1.0816	0.0231934
1.082	0.022583
1.0824	0.0244141
1.0828	0.0244141
1.0832	0.0238037
1.0836	0.0250244
1.084	0.0250244
1.0844	0.0256348
1.0848	0.0250244
1.0852	0.0231934
1.0856	0.022583
1.086	0.0231934
1.0864	0.0262451
1.0868	0.0262451
1.0872	0.022583
1.0876	0.0244141
1.088	0.0231934
1.0884	0.022583
1.0888	0.0256348
1.0892	0.0256348
1.0896	0.022583
1.09	0.0244141
1.0904	0.022583
1.0908	0.022583
1.0912	0.0250244
1.0916	0.0244141
1.092	0.0238037
1.0924	0.0250244
1.0928	0.0244141
1.0932	0.0244141
1.0936	0.0256348
1.094	0.0238037
1.0944	0.0256348
1.0948	0.0256348
1.0952	0.0238037
1.0956	0.022583
1.096	0.022583
1.0964	0.0231934
1.0968	0.0244141
1.0972	0.0213623
1.0976	0.0213623
1.098	0.0238037
1.0984	0.0231934
1.0988	0.0238037
1.0992	0.022583
1.0996	0.0219727
1.1	0.0231934
1.1004	0.0250244
1.1008	0.0231934
1.1012	0.0238037
1.1016	0.0231934
1.102	0.022583
1.1024	0.0250244
1.1028	0.0256348
1.1032	0.0256348
1.1036	0.0256348
1.104	0.0244141
1.1044	0.0231934
1.1048	0.0250244
1.1052	0.0231934
1.1056	0.0244141
1.106	0.0238037
1.1064	0.0256348
1.1068	0.0262451
1.1072	0.022583
1.1076	0.0244141
1.108	0.0250244
1.1084	0.022583
1.1088	0.0268555
1.1092	0.0262451
1.1096	0.0250244
1.11	0.0256348
1.1104	0.0262451
1.1108	0.0250244
1.1112	0.0256348
1.1116	0.0238037
1.112	0.0244141
1.1124	0.0274658
1.1128	0.0238037
1.1132	0.0244141
1.1136	0.0231934
1.114	0.0213623
1.1144	0.0268555
1.1148	0.0244141
1.1152	0.0238037
1.1156	0.0262451
1.116	0.0244141
1.1164	0.0219727
1.1168	0.0250244
1.1172	0.0238037
1.1176	0.022583
1.118	0.0250244
1.1184	0.0231934
1.1188	0.0231934
1.1192	0.020752
1.1196	0.0231934
1.12	0.0268555
1.1204	0.0238037
1.1208	0.0231934
1.1212	0.0238037
1.1216	0.0250244
1.122	0.0238037
1.1224	0.0274658
1.1228	0.0244141
1.1232	0.0256348
1.1236	0.0244141
1.124	0.0268555
1.1244	0.0250244
1.1248	0.0250244
1.1252	0.0238037
1.1256	0.0250244
1.126	0.022583
1.1264	0.0244141
1.1268	0.0231934
1.1272	0.0244141
1.1276	0.0231934
1.128	0.0231934
1.1284	0.0231934
1.1288	0.022583
1.1292	0.0250244
1.1296	0.0238037
1.13	0.0244141
1.1304	0.0238037
1.1308	0.0238037
1.1312	0.0262451
1.1316	0.0244141
1.132	0.0250244
1.1324	0.0250244
1.1328	0.0250244
1.1332	0.022583
1.1336	0.0256348
1.134	0.0213623
1.1344	0.0244141
1.1348	0.0244141
1.1352	0.0231934
1.1356	0.0268555
1.136	0.0244141
1.1364	0.0268555
1.1368	0.0250244
1.1372	0.0231934
1.1376	0.0244141
1.138	0.0238037
1.1384	0.0238037
1.1388	0.0256348
1.1392	0.0250244
1.1396	0.0256348
1.14	0.0244141
1.1404	0.0256348
1.1408	0.0250244
1.1412	0.0262451
1.1416	0.0238037
1.142	0.0256348
1.1424	0.0250244
1.1428	0.0256348
1.1432	0.0238037
1.1436	0.0268555
1.144	0.0256348
1.1444	0.0256348
1.1448	0.0250244
1.1452	0.0250244
1.1456	0.0262451
1.146	0.022583
1.1464	0.0262451
1.1468	0.0244141
1.1472	0.022583
1.1476	0.022583
1.148	0.0231934
1.1484	0.0231934
1.1488	0.0262451
1.1492	0.0231934
1.1496	0.0244141
1.15	0.0231934
1.1504	0.0219727
1.1508	0.0238037
1.1512	0.0268555
1.1516	0.0250244
1.152	0.0238037
1.1524	0.0250244
1.1528	0.0219727
1.1532	0.0250244
1.1536	0.0262451
1.154	0.020752
1.1544	0.0262451
1.1548	0.0250244
1.1552	0.0231934
1.1556	0.0262451
1.156	0.0231934
1.1564	0.0244141
1.1568	0.0256348
1.1572	0.0231934
1.1576	0.0244141
1.158	0.0244141
1.1584	0.0238037
1.1588	0.0231934
1.1592	0.0238037
1.1596	0.0231934
1.16	0.0244141
1.1604	0.0231934
1.1608	0.0231934
1.1612	0.0250244
1.1616	0.0238037
1.162	0.0268555
1.1624	0.0262451
1.1628	0.0231934
1.1632	0.0256348
1.1636	0.0250244
1.164	0.0244141
1.1644	0.0262451
1.1648	0.0244141
1.1652	0.0231934
1.1656	0.0244141
1.166	0.0250244
1.1664	0.0250244
1.1668	0.0244141
1.1672	0.0244141
1.1676	0.0244141
1.168	0.0250244
1.1684	0.0250244
1.1688	0.0256348
1.1692	0.0250244
1.1696	0.022583
1.17	0.0250244
1.1704	0.0238037
1.1708	0.0219727
1.1712	0.0238037
1.1716	0.0244141
1.172	0.0231934
1.1724	0.0262451
1.1728	0.0256348
1.1732	0.0238037
1.1736	0.0238037
1.174	0.0238037
1.1744	0.0250244
1.1748	0.0244141
1.1752	0.0238037
1.1756	0.0231934
1.176	0.0244141
1.1764	0.0244141
1.1768	0.0262451
1.1772	0.022583
1.1776	0.0238037
1.178	0.0244141
1.1784	0.020752
1.1788	0.0250244
1.1792	0.0244141
1.1796	0.022583
1.18	0.0268555
1.1804	0.0262451
1.1808	0.0250244
1.1812	0.0256348
1.1816	0.0256348
1.182	0.0244141
1.1824	0.0256348
1.1828	0.0238037
1.1832	0.0250244
1.1836	0.0238037
1.184	0.0213623
1.1844	0.0238037
1.1848	0.0238037
1.1852	0.0238037
1.1856	0.0244141
1.186	0.0231934
1.1864	0.0231934
1.1868	0.0244141
1.1872	0.0231934
1.1876	0.0256348
1.188	0.0268555
1.1884	0.0250244
1.1888	0.0262451
1.1892	0.0256348
1.1896	0.0244141
1.19	0.0244141
1.1904	0.0268555
1.1908	0.0244141
1.1912	0.0250244
1.1916	0.0274658
1.192	0.0250244
1.1924	0.0268555
1.1928	0.0250244
1.1932	0.0231934
1.1936	0.0262451
1.194	0.0219727
1.1944	0.0256348
1.1948	0.0268555
1.1952	0.0244141
1.1956	0.0256348
1.196	0.0256348
1.1964	0.0256348
1.1968	0.0250244
1.1972	0.0238037
1.1976	0.0250244
1.198	0.0244141
1.1984	0.0244141
1.1988	0.0262451
1.1992	0.0238037
1.1996	0.022583
1.2	0.0250244
1.2004	0.0256348
1.2008	0.0256348
1.2012	0.0256348
1.2016	0.0231934
1.202	0.0244141
1.2024	0.0268555
1.2028	0.0256348
1.2032	0.0244141
1.2036	0.0250244
1.204	0.020752
1.2044	0.0238037
1.2048	0.0238037
1.2052	0.0238037
1.2056	0.0244141
1.206	0.022583
1.2064	0.0244141
1.2068	0.0213623
1.2072	0.022583
1.2076	0.0238037
1.208	0.0250244
1.2084	0.0231934
1.2088	0.0231934
1.2092	0.0262451
1.2096	0.0231934
1.21	0.0244141
1.2104	0.0238037
1.2108	0.0244141
1.2112	0.0268555
1.2116	0.0244141
1.212	0.0244141
1.2124	0.0213623
1.2128	0.0250244
1.2132	0.0238037
1.2136	0.0231934
1.214	0.0250244
1.2144	0.0244141
1.2148	0.0262451
1.2152	0.0231934
1.2156	0.0274658
1.216	0.0250244
1.2164	0.0238037
1.2168	0.0250244
1.2172	0.0250244
1.2176	0.0262451
1.218	0.0268555
1.2184	0.0244141
1.2188	0.0250244
1.2192	0.022583
1.2196	0.0231934
1.22	0.0280762
1.2204	0.0238037
1.2208	0.0244141
1.2212	0.0244141
1.2216	0.0244141
1.222	0.0238037
1.2224	0.0219727
1.2228	0.0238037
1.2232	0.0238037
1.2236	0.0231934
1.224	0.0250244
1.2244	0.0244141
1.2248	0.0244141
1.2252	0.022583
1.2256	0.0238037
1.226	0.0213623
1.2264	0.0238037
1.2268	0.0231934
1.2272	0.0256348
1.2276	0.0238037
1.228	0.0244141
1.2284	0.0250244
1.2288	0.0256348
1.2292	0.022583
1.2296	0.0238037
1.23	0.0238037
1.2304	0.0238037
1.2308	0.0231934
1.2312	0.0256348
1.2316	0.0244141
1.232	0.0238037
1.2324	0.0231934
1.2328	0.0238037
1.2332	0.0231934
1.2336	0.0244141
1.234	0.0244141
1.2344	0.0244141
1.2348	0.022583
1.2352	0.022583
1.2356	0.0256348
1.236	0.0238037
1.2364	0.0238037
1.2368	0.0238037
1.2372	0.0238037
1.2376	0.0231934
1.238	0.0250244
1.2384	0.022583
1.2388	0.0238037
1.2392	0.022583
1.2396	0.0244141
1.24	0.0262451
1.2404	0.022583
1.2408	0.0244141
1.2412	0.0244141
1.2416	0.0262451
1.242	0.0244141
1.2424	0.0250244
1.2428	0.0213623
1.2432	0.0238037
1.2436	0.0244141
1.244	0.0244141
1.2444	0.0238037
1.2448	0.0244141
1.2452	0.0213623
1.2456	0.0256348
1.246	0.0256348
1.2464	0.0238037
1.2468	0.0238037
1.2472	0.0213623
1.2476	0.0231934
1.248	0.0238037
1.2484	0.0213623
1.2488	0.0231934
1.2492	0.0238037
1.2496	0.0244141
1.25	0.0238037
1.2504	0.0244141
1.2508	0.0238037
1.2512	0.0238037
1.2516	0.022583
1.252	0.0231934
1.2524	0.0238037
1.2528	0.0219727
1.2532	0.0238037
1.2536	0.0244141
1.254	0.0231934
1.2544	0.0238037
1.2548	0.0238037
1.2552	0.0219727
1.2556	0.0256348
1.256	0.0244141
1.2564	0.0244141
1.2568	0.022583
1.2572	0.020752
1.2576	0.0250244
1.258	0.0244141
1.2584	0.0231934
1.2588	0.0250244
1.2592	0.022583
1.2596	0.022583
1.26	0.0250244
1.2604	0.0244141
1.2608	0.0238037
1.2612	0.0250244
1.2616	0.0244141
1.262	0.0219727
1.2624	0.0262451
1.2628	0.0268555
1.2632	0.0244141
1.2636	0.0244141
1.264	0.0219727
1.2644	0.0231934
1.2648	0.022583
1.2652	0.0238037
1.2656	0.0262451
1.266	0.0250244
1.2664	0.0274658
1.2668	0.0250244
1.2672	0.0238037
1.2676	0.0238037
1.268	0.0244141
1.2684	0.0219727
1.2688	0.022583
1.2692	0.0231934
1.2696	0.0231934
1.27	0.0250244
1.2704	0.0213623
1.2708	0.022583
1.2712	0.0262451
1.2716	0.0238037
1.272	0.0244141
1.2724	0.0262451
1.2728	0.0231934
1.2732	0.0256348
1.2736	0.0262451
1.274	0.0250244
1.2744	0.022583
1.2748	0.0219727
1.2752	0.0219727
1.2756	0.0256348
1.276	0.0244141
1.2764	0.0238037
1.2768	0.022583
1.2772	0.0219727
1.2776	0.0238037
1.278	0.0231934
1.2784	0.0219727
1.2788	0.022583
1.2792	0.022583
1.2796	0.022583
1.28	0.0231934
1.2804	0.0213623
1.2808	0.0213623
1.2812	0.0256348
1.2816	0.0256348
1.282	0.0238037
1.2824	0.0256348
1.2828	0.0231934
1.2832	0.0250244
1.2836	0.0274658
1.284	0.022583
1.2844	0.0244141
1.2848	0.0262451
1.2852	0.0231934
1.2856	0.0268555
1.286	0.0256348
1.2864	0.0262451
1.2868	0.0262451
1.2872	0.0256348
1.2876	0.0280762
1.288	0.0268555
1.2884	0.0256348
1.2888	0.0244141
1.2892	0.0262451
1.2896	0.0256348
1.29	0.0262451
1.2904	0.0219727
1.2908	0.0231934
1.2912	0.0244141
1.2916	0.0219727
1.292	0.0250244
1.2924	0.0231934
1.2928	0.022583
1.2932	0.022583
1.2936	0.0250244
1.294	0.0238037
1.2944	0.0244141
1.2948	0.0250244
1.2952	0.0244141
1.2956	0.022583
1.296	0.022583
1.2964	0.0213623
1.2968	0.0231934
1.2972	0.0250244
1.2976	0.0250244
1.298	0.0274658
1.2984	0.0238037
1.2988	0.0262451
1.2992	0.0274658
1.2996	0.0262451
1.3	0.0280762
1.3004	0.0238037
1.3008	0.0250244
1.3012	0.0286865
1.3016	0.0256348
1.302	0.0280762
1.3024	0.0262451
1.3028	0.0244141
1.3032	0.0250244
1.3036	0.0231934
1.304	0.0219727
1.3044	0.0238037
1.3048	0.0231934
1.3052	0.0244141
1.3056	0.022583
1.306	0.0219727
1.3064	0.0231934
1.3068	0.0256348
1.3072	0.0231934
1.3076	0.0256348
1.308	0.0250244
1.3084	0.0256348
1.3088	0.0244141
1.3092	0.0250244
1.3096	0.0238037
1.31	0.0250244
1.3104	0.0256348
1.3108	0.022583
1.3112	0.0256348
1.3116	0.0238037
1.312	0.0231934
1.3124	0.0256348
1.3128	0.022583
1.3132	0.0231934
1.3136	0.0231934
1.314	0.0238037
1.3144	0.0244141
1.3148	0.0231934
1.3152	0.0244141
1.3156	0.0231934
1.316	0.0238037
1.3164	0.0250244
1.3168	0.0250244
1.3172	0.0244141
1.3176	0.0238037
1.318	0.0262451
1.3184	0.0268555
1.3188	0.0262451
1.3192	0.0268555
1.3196	0.0250244
1.32	0.0262451
1.3204	0.0268555
1.3208	0.0244141
1.3212	0.0268555
1.3216	0.0213623
1.322	0.0231934
1.3224	0.0213623
1.3228	0.0238037
1.3232	0.0213623
1.3236	0.0219727
1.324	0.0189209
1.3244	0.020752
1.3248	0.0195312
1.3252	0.0183105
1.3256	0.022583
1.326	0.0201416
1.3264	0.0231934
1.3268	0.0231934
1.3272	0.0262451
1.3276	0.0238037
1.328	0.0280762
1.3284	0.0280762
1.3288	0.0262451
1.3292	0.0305176
1.3296	0.0274658
1.33	0.0262451
1.3304	0.0262451
1.3308	0.0238037
1.3312	0.0268555
1.3316	0.0250244
1.332	0.0213623
1.3324	0.020752
1.3328	0.0183105
1.3332	0.0189209
1.3336	0.0183105
1.334	0.0164795
1.3344	0.0183105
1.3348	0.0183105
1.3352	0.0213623
1.3356	0.0262451
1.336	0.0268555
1.3364	0.0286865
1.3368	0.0335693
1.3372	0.0360107
1.3376	0.0384521
1.338	0.0384521
1.3384	0.0360107
1.3388	0.03479
1.3392	0.0292969
1.3396	0.0213623
1.34	0.012207
1.3404	0.00366211
1.3408	-0.00732422
1.3412	-0.0164795
1.3416	-0.022583
1.342	-0.0219727
1.3424	-0.0848389
1.3428	-0.0640869
1.3432	-0.0012207
1.3436	0.0732422
1.344	0.125732
1.3444	0.0793457
1.3448	-0.0164795
1.3452	-0.0671387
1.3456	-0.0164795
1.346	0.0189209
1.3464	0.088501
1.3468	0.126953
1.3472	0.0787354
1.3476	0.0189209
1.348	-0.0170898
1.3484	-0.0195312
1.3488	-0.00366211
1.3492	0.0500488
1.3496	0.0982666
1.35	0.0878906
1.3504	0.0482178
1.3508	0.0128174
1.3512	-0.0152588
1.3516	-0.0341797
1.352	-0.00732422
1.3524	0.0482178
1.3528	0.0671387
1.3532	0.0622559
1.3536	0.0445557
1.354	0.0109863
1.3544	-0.0189209
1.3548	-0.03479
1.3552	-0.00488281
1.3556	0.0292969
1.356	0.0494385
1.3564	0.0579834
1.3568	0.0500488
1.3572	0.020752
1.3576	-0.0128174
1.358	-0.0177002
1.3584	-0.00427246
1.3588	0.0177002
1.3592	0.0415039
1.3596	0.0604248
1.36	0.0604248
1.3604	0.0341797
1.3608	0.00305176
1.3612	-0.00427246
1.3616	-0.00427246
1.362	0.00976562
1.3624	0.0366211
1.3628	0.0592041
1.3632	0.0622559
1.3636	0.045166
1.364	0.0219727
1.3644	0.00183105
1.3648	-0.00610352
1.3652	-0.000610352
1.3656	0.0213623
1.366	0.0427246
1.3664	0.0537109
1.3668	0.0494385
1.3672	0.0335693
1.3676	0.012207
1.368	-0.00427246
1.3684	-0.00854492
1.3688	0.00671387
1.3692	0.0286865
1.3696	0.0457764
1.37	0.0537109
1.3704	0.045166
1.3708	0.0238037
1.3712	0.00305176
1.3716	-0.00610352
1.372	-0.00183105
1.3724	0.0158691
1.3728	0.0317383
1.3732	0.0494385
1.3736	0.0500488
1.374	0.0378418
1.3744	0.0238037
1.3748	0.00732422
1.3752	-0.000610352
1.3756	0.00427246
1.376	0.0195312
1.3764	0.0366211
1.3768	0.0500488
1.3772	0.0482178
1.3776	0.0372314
1.378	0.0189209
1.3784	0.00305176
1.3788	-0.00183105
1.3792	0.00488281
1.3796	0.0201416
1.38	0.0384521
1.3804	0.0469971
1.3808	0.045166
1.3812	0.0341797
1.3816	0.0158691
1.382	0.00610352
1.3824	-0.000610352
1.3828	0.00732422
1.3832	0.0219727
1.3836	0.0396729
1.384	0.0482178
1.3844	0.0469971
1.3848	0.0372314
1.3852	0.0164795
1.3856	0.00549316
1.386	-0.000610352
1.3864	0.00732422
1.3868	0.0250244
1.3872	0.0354004
1.3876	0.0469971
1.388	0.045166
1.3884	0.0317383
1.3888	0.020752
1.3892	0.00732422
1.3896	0.00244141
1.39	0.00549316
1.3904	0.0170898
1.3908	0.0354004
1.3912	0.0463867
1.3916	0.0457764
1.392	0.03479
1.3924	0.020752
1.3928	0.010376
1.3932	0.00305176
1.3936	0.0109863
1.394	0.0189209
1.3944	0.0317383
1.3948	0.0421143
1.3952	0.043335
1.3956	0.0360107
1.396	0.0219727
1.3964	0.0109863
1.3968	0.00610352
1.3972	0.00549316
1.3976	0.0164795
1.398	0.0305176
1.3984	0.0372314
1.3988	0.0408936
1.3992	0.03479
1.3996	0.0231934
1.4	0.0158691
1.4004	0.00915527
1.4008	0.00732422
1.4012	0.0177002
1.4016	0.0280762
1.402	0.0378418
1.4024	0.0421143
1.4028	0.0360107
1.4032	0.0311279
1.4036	0.0158691
1.404	0.00854492
1.4044	0.00915527
1.4048	0.0128174
1.4052	0.0244141
1.4056	0.0335693
1.406	0.0402832
1.4064	0.0378418
1.4068	0.0299072
1.4072	0.0183105
1.4076	0.012207
1.408	0.00610352
1.4084	0.0109863
1.4088	0.0195312
1.4092	0.0323486
1.4096	0.0366211
1.41	0.0396729
1.4104	0.03479
1.4108	0.0262451
1.4112	0.0158691
1.4116	0.00854492
1.412	0.012207
1.4124	0.020752
1.4128	0.0292969
1.4132	0.0366211
1.4136	0.0390625
1.414	0.0354004
1.4144	0.0274658
1.4148	0.0183105
1.4152	0.00976562
1.4156	0.0109863
1.416	0.0152588
1.4164	0.0231934
1.4168	0.0335693
1.4172	0.0378418
1.4176	0.0366211
1.418	0.0286865
1.4184	0.0201416
1.4188	0.0158691
1.4192	0.0115967
1.4196	0.0128174
1.42	0.0201416
1.4204	0.0280762
1.4208	0.03479
1.4212	0.0384521
1.4216	0.0311279
1.422	0.0268555
1.4224	0.0183105
1.4228	0.0109863
1.4232	0.0115967
1.4236	0.0177002
1.424	0.0238037
1.4244	0.0335693
1.4248	0.0360107
1.4252	0.0354004
1.4256	0.0286865
1.426	0.0213623
1.4264	0.0140381
1.4268	0.0115967
1.4272	0.0146484
1.4276	0.020752
1.428	0.0286865
1.4284	0.032959
1.4288	0.0366211
1.4292	0.0323486
1.4296	0.0219727
1.43	0.0170898
1.4304	0.0134277
1.4308	0.012207
1.4312	0.0183105
1.4316	0.0262451
1.432	0.032959
1.4324	0.0360107
1.4328	0.0299072
1.4332	0.0292969
1.4336	0.0219727
1.434	0.0134277
1.4344	0.0158691
1.4348	0.0177002
1.4352	0.022583
1.4356	0.0305176
1.436	0.0341797
1.4364	0.0323486
1.4368	0.0292969
1.4372	0.0238037
1.4376	0.0195312
1.438	0.0146484
1.4384	0.0128174
1.4388	0.0201416
1.4392	0.0219727
1.4396	0.0305176
1.44	0.0354004
1.4404	0.032959
1.4408	0.0250244
1.4412	0.0231934
1.4416	0.0164795
1.442	0.0158691
1.4424	0.0177002
1.4428	0.0213623
1.4432	0.0268555
1.4436	0.0323486
1.444	0.03479
1.4444	0.0305176
1.4448	0.0238037
1.4452	0.0177002
1.4456	0.0170898
1.446	0.0164795
1.4464	0.0170898
1.4468	0.0256348
1.4472	0.0286865
1.4476	0.0305176
1.448	0.0323486
1.4484	0.0262451
1.4488	0.0244141
1.4492	0.0170898
1.4496	0.0164795
1.45	0.0177002
1.4504	0.0201416
1.4508	0.0244141
1.4512	0.0317383
1.4516	0.0280762
1.452	0.0280762
1.4524	0.0244141
1.4528	0.0201416
1.4532	0.0183105
1.4536	0.0177002
1.454	0.0177002
1.4544	0.0219727
1.4548	0.0250244
1.4552	0.0299072
1.4556	0.0299072
1.456	0.0262451
1.4564	0.022583
1.4568	0.0201416
1.4572	0.0177002
1.4576	0.0177002
1.458	0.020752
1.4584	0.0250244
1.4588	0.0274658
1.4592	0.0286865
1.4596	0.0280762
1.46	0.0250244
1.4604	0.0219727
1.4608	0.020752
1.4612	0.0201416
1.4616	0.0189209
1.462	0.0201416
1.4624	0.0250244
1.4628	0.0286865
1.4632	0.0286865
1.4636	0.0274658
1.464	0.0244141
1.4644	0.0256348
1.4648	0.0213623
1.4652	0.0189209
1.4656	0.0231934
1.466	0.0244141
1.4664	0.0244141
1.4668	0.0286865
1.4672	0.0286865
1.4676	0.0274658
1.468	0.0244141
1.4684	0.0213623
1.4688	0.0213623
1.4692	0.022583
1.4696	0.0219727
1.47	0.0250244
1.4704	0.0244141
1.4708	0.0280762
1.4712	0.0305176
1.4716	0.0262451
1.472	0.0231934
1.4724	0.0231934
1.4728	0.0195312
1.4732	0.0213623
1.4736	0.022583
1.474	0.0238037
1.4744	0.0262451
1.4748	0.0244141
1.4752	0.0256348
1.4756	0.0244141
1.476	0.0213623
1.4764	0.022583
1.4768	0.0219727
1.4772	0.0183105
1.4776	0.0244141
1.478	0.0250244
1.4784	0.0256348
1.4788	0.0268555
1.4792	0.0262451
1.4796	0.022583
1.48	0.0238037
1.4804	0.0219727
1.4808	0.022583
1.4812	0.0238037
1.4816	0.0250244
1.482	0.0250244
1.4824	0.0268555
1.4828	0.022583
1.4832	0.0238037
1.4836	0.0262451
1.484	0.0231934
1.4844	0.0231934
1.4848	0.022583
1.4852	0.020752
1.4856	0.0268555
1.486	0.0238037
1.4864	0.0268555
1.4868	0.022583
1.4872	0.0231934
1.4876	0.0231934
1.488	0.0231934
1.4884	0.0231934
1.4888	0.0231934
1.4892	0.0256348
1.4896	0.0244141
1.49	0.0250244
1.4904	0.0238037
1.4908	0.0256348
1.4912	0.0250244
1.4916	0.0244141
1.492	0.0219727
1.4924	0.0238037
1.4928	0.022583
1.4932	0.0238037
1.4936	0.0250244
1.494	0.0244141
1.4944	0.0256348
1.4948	0.0238037
1.4952	0.0250244
1.4956	0.0262451
1.496	0.0231934
1.4964	0.0250244
1.4968	0.0231934
1.4972	0.0244141
1.4976	0.0244141
1.498	0.0238037
1.4984	0.020752
1.4988	0.0231934
1.4992	0.0250244
1.4996	0.0213623
1.5	0.0256348
1.5004	0.0231934
1.5008	0.0219727
1.5012	0.0256348
1.5016	0.022583
1.502	0.0231934
1.5024	0.0238037
1.5028	0.0213623
1.5032	0.0250244
1.5036	0.0213623
1.504	0.022583
1.5044	0.0250244
1.5048	0.0250244
1.5052	0.0256348
1.5056	0.0250244
1.506	0.0256348
1.5064	0.0250244
1.5068	0.0256348
1.5072	0.0231934
1.5076	0.0231934
1.508	0.022583
1.5084	0.022583
1.5088	0.0250244
1.5092	0.0244141
1.5096	0.0238037
1.51	0.0262451
1.5104	0.0250244
1.5108	0.0238037
1.5112	0.0256348
1.5116	0.022583
1.512	0.022583
1.5124	0.0219727
1.5128	0.0231934
1.5132	0.0244141
1.5136	0.0219727
1.514	0.022583
1.5144	0.0262451
1.5148	0.0238037
1.5152	0.022583
1.5156	0.0256348
1.516	0.0256348
1.5164	0.0244141
1.5168	0.0286865
1.5172	0.0213623
1.5176	0.0244141
1.518	0.0231934
1.5184	0.022583
1.5188	0.0244141
1.5192	0.0238037
1.5196	0.0256348
1.52	0.0231934
1.5204	0.022583
1.5208	0.0256348
1.5212	0.0219727
1.5216	0.022583
1.522	0.0231934
1.5224	0.0231934
1.5228	0.0238037
1.5232	0.0238037
1.5236	0.0262451
1.524	0.0231934
1.5244	0.0244141
1.5248	0.0244141
1.5252	0.0231934
1.5256	0.0256348
1.526	0.0262451
1.5264	0.0238037
1.5268	0.0250244
1.5272	0.0213623
1.5276	0.0250244
1.528	0.0256348
1.5284	0.022583
1.5288	0.0238037
1.5292	0.0250244
1.5296	0.0219727
1.53	0.0256348
1.5304	0.0250244
1.5308	0.0250244
1.5312	0.0238037
1.5316	0.0250244
1.532	0.0231934
1.5324	0.0238037
1.5328	0.0213623
1.5332	0.0244141
1.5336	0.0244141
1.534	0.0213623
1.5344	0.0244141
1.5348	0.0256348
1.5352	0.020752
1.5356	0.0238037
1.536	0.022583
1.5364	0.0238037
1.5368	0.0244141
1.5372	0.0238037
1.5376	0.0244141
1.538	0.0238037
1.5384	0.0195312
1.5388	0.0231934
1.5392	0.0250244
1.5396	0.0231934
1.54	0.0250244
1.5404	0.0238037
1.5408	0.022583
1.5412	0.0238037
1.5416	0.0244141
1.542	0.022583
1.5424	0.0250244
1.5428	0.0213623
1.5432	0.0238037
1.5436	0.0268555
1.544	0.0231934
1.5444	0.0238037
1.5448	0.0244141
1.5452	0.022583
1.5456	0.0244141
1.546	0.0231934
1.5464	0.0238037
1.5468	0.0256348
1.5472	0.022583
1.5476	0.0262451
1.548	0.0238037
1.5484	0.0250244
1.5488	0.0238037
1.5492	0.0244141
1.5496	0.0231934
1.55	0.022583
1.5504	0.0238037
1.5508	0.022583
1.5512	0.0256348
1.5516	0.0219727
1.552	0.0244141
1.5524	0.0256348
1.5528	0.0231934
1.5532	0.022583
1.5536	0.0238037
1.554	0.0219727
1.5544	0.0244141
1.5548	0.0256348
1.5552	0.020752
1.5556	0.0250244
1.556	0.0244141
1.5564	0.0250244
1.5568	0.0262451
1.5572	0.0238037
1.5576	0.0256348
1.558	0.0262451
1.5584	0.0244141
1.5588	0.0238037
1.5592	0.020752
1.5596	0.0250244
1.56	0.0256348
1.5604	0.0244141
1.5608	0.0213623
1.5612	0.0250244
1.5616	0.0231934
1.562	0.022583
1.5624	0.0280762
1.5628	0.0250244
1.5632	0.0244141
1.5636	0.0244141
1.564	0.020752
1.5644	0.0250244
1.5648	0.0250244
1.5652	0.0256348
1.5656	0.0238037
1.566	0.020752
1.5664	0.0231934
1.5668	0.0238037
1.5672	0.0231934
1.5676	0.0238037
1.568	0.0262451
1.5684	0.022583
1.5688	0.0231934
1.5692	0.0238037
1.5696	0.0244141
1.57	0.0238037
1.5704	0.0238037
1.5708	0.0219727
1.5712	0.0262451
1.5716	0.0244141
1.572	0.0231934
1.5724	0.0231934
1.5728	0.0244141
1.5732	0.0244141
1.5736	0.0250244
1.574	0.0244141
1.5744	0.0238037
1.5748	0.0244141
1.5752	0.022583
1.5756	0.0262451
1.576	0.0238037
1.5764	0.0250244
1.5768	0.0238037
1.5772	0.0219727
1.5776	0.022583
1.578	0.022583
1.5784	0.022583
1.5788	0.0238037
1.5792	0.0219727
1.5796	0.0244141
1.58	0.0231934
1.5804	0.0219727
1.5808	0.0238037
1.5812	0.0244141
1.5816	0.0231934
1.582	0.0244141
1.5824	0.0250244
1.5828	0.0244141
1.5832	0.0268555
1.5836	0.0238037
1.584	0.0195312
1.5844	0.0238037
1.5848	0.0250244
1.5852	0.0231934
1.5856	0.0231934
1.586	0.022583
1.5864	0.022583
1.5868	0.0238037
1.5872	0.0231934
1.5876	0.0250244
1.588	0.0250244
1.5884	0.0231934
1.5888	0.0250244
1.5892	0.0244141
1.5896	0.0238037
1.59	0.0231934
1.5904	0.0213623
1.5908	0.0213623
1.5912	0.0238037
1.5916	0.022583
1.592	0.0256348
1.5924	0.0231934
1.5928	0.020752
1.5932	0.022583
1.5936	0.0231934
1.594	0.0213623
1.5944	0.0250244
1.5948	0.0250244
1.5952	0.0244141
1.5956	0.0238037
1.596	0.0244141
1.5964	0.0244141
1.5968	0.0238037
1.5972	0.0219727
1.5976	0.0231934
1.598	0.0250244
1.5984	0.0219727
1.5988	0.0244141
1.5992	0.0195312
1.5996	0.0231934
1.6	0.0250244
1.6004	0.0231934
1.6008	0.022583
1.6012	0.0250244
1.6016	0.0231934
1.602	0.0244141
1.6024	0.0256348
1.6028	0.0231934
1.6032	0.0244141
1.6036	0.0299072
1.604	0.0213623
1.6044	0.0256348
1.6048	0.0244141
1.6052	0.0231934
1.6056	0.0262451
1.606	0.0244141
1.6064	0.0238037
1.6068	0.0250244
1.6072	0.0219727
1.6076	0.0231934
1.608	0.0256348
1.6084	0.0231934
1.6088	0.0231934
1.6092	0.0250244
1.6096	0.0213623
1.61	0.0244141
1.6104	0.0244141
1.6108	0.022583
1.6112	0.0250244
1.6116	0.0238037
1.612	0.0231934
1.6124	0.022583
1.6128	0.0231934
1.6132	0.0256348
1.6136	0.0238037
1.614	0.022583
1.6144	0.0256348
1.6148	0.0238037
1.6152	0.0244141
1.6156	0.0219727
1.616	0.0250244
1.6164	0.0262451
1.6168	0.0268555
1.6172	0.0244141
1.6176	0.0250244
1.618	0.0231934
1.6184	0.0213623
1.6188	0.0213623
1.6192	0.0219727
1.6196	0.022583
1.62	0.0250244
1.6204	0.0238037
1.6208	0.022583
1.6212	0.0238037
1.6216	0.0231934
1.622	0.022583
1.6224	0.0256348
1.6228	0.0213623
1.6232	0.0238037
1.6236	0.0231934
1.624	0.0201416
1.6244	0.0268555
1.6248	0.0219727
1.6252	0.022583
1.6256	0.0244141
1.626	0.022583
1.6264	0.020752
1.6268	0.022583
1.6272	0.022583
1.6276	0.0219727
1.628	0.0219727
1.6284	0.0219727
1.6288	0.0250244
1.6292	0.0219727
1.6296	0.022583
1.63	0.0262451
1.6304	0.0231934
1.6308	0.0231934
1.6312	0.0256348
1.6316	0.0250244
1.632	0.0256348
1.6324	0.0244141
1.6328	0.0231934
1.6332	0.0250244
1.6336	0.0256348
1.634	0.0213623
1.6344	0.022583
1.6348	0.0238037
1.6352	0.0219727
1.6356	0.0238037
1.636	0.0238037
1.6364	0.0219727
1.6368	0.0250244
1.6372	0.022583
1.6376	0.0231934
1.638	0.0238037
1.6384	0.0213623
1.6388	0.0238037
1.6392	0.0238037
1.6396	0.0213623
1.64	0.0256348
1.6404	0.0238037
1.6408	0.0219727
1.6412	0.0238037
1.6416	0.0213623
1.642	0.0213623
1.6424	0.0231934
1.6428	0.0244141
1.6432	0.0219727
1.6436	0.0250244
1.644	0.0213623
1.6444	0.0238037
1.6448	0.0244141
1.6452	0.0219727
1.6456	0.0231934
1.646	0.0219727
1.6464	0.0219727
1.6468	0.0238037
1.6472	0.022583
1.6476	0.0231934
1.648	0.0231934
1.6484	0.0213623
1.6488	0.022583
1.6492	0.0238037
1.6496	0.0244141
1.65	0.0244141
1.6504	0.0238037
1.6508	0.0213623
1.6512	0.022583
1.6516	0.0238037
1.652	0.0231934
1.6524	0.0262451
1.6528	0.0250244
1.6532	0.0256348
1.6536	0.0256348
1.654	0.0231934
1.6544	0.0256348
1.6548	0.0268555
1.6552	0.0238037
1.6556	0.0256348
1.656	0.0244141
1.6564	0.0250244
1.6568	0.0231934
1.6572	0.0231934
1.6576	0.022583
1.658	0.0231934
1.6584	0.022583
1.6588	0.0231934
1.6592	0.0244141
1.6596	0.022583
1.66	0.0231934
1.6604	0.0238037
1.6608	0.0256348
1.6612	0.0268555
1.6616	0.0238037
1.662	0.0244141
1.6624	0.0231934
1.6628	0.0231934
1.6632	0.0256348
1.6636	0.0231934
1.664	0.0213623
1.6644	0.0256348
1.6648	0.0244141
1.6652	0.022583
1.6656	0.0250244
1.666	0.0238037
1.6664	0.0256348
1.6668	0.0256348
1.6672	0.0231934
1.6676	0.0231934
1.668	0.0244141
1.6684	0.0213623
1.6688	0.0238037
1.6692	0.0219727
1.6696	0.0231934
1.67	0.0238037
1.6704	0.022583
1.6708	0.0244141
1.6712	0.0256348
1.6716	0.022583
1.672	0.0213623
1.6724	0.0256348
1.6728	0.020752
1.6732	0.0238037
1.6736	0.0244141
1.674	0.0244141
1.6744	0.0250244
1.6748	0.0256348
1.6752	0.0238037
1.6756	0.0244141
1.676	0.0238037
1.6764	0.0244141
1.6768	0.0238037
1.6772	0.0231934
1.6776	0.0231934
1.678	0.0238037
1.6784	0.0213623
1.6788	0.022583
1.6792	0.0231934
1.6796	0.0238037
1.68	0.0268555
1.6804	0.0250244
1.6808	0.020752
1.6812	0.0250244
1.6816	0.0219727
1.682	0.0219727
1.6824	0.0238037
1.6828	0.022583
1.6832	0.0244141
1.6836	0.0238037
1.684	0.0213623
1.6844	0.0256348
1.6848	0.0238037
1.6852	0.022583
1.6856	0.0238037
1.686	0.0231934
1.6864	0.0238037
1.6868	0.0256348
1.6872	0.022583
1.6876	0.0238037
1.688	0.0231934
1.6884	0.020752
1.6888	0.0238037
1.6892	0.0231934
1.6896	0.020752
1.69	0.0238037
1.6904	0.0219727
1.6908	0.022583
1.6912	0.0213623
1.6916	0.0231934
1.692	0.0219727
1.6924	0.0256348
1.6928	0.020752
1.6932	0.0238037
1.6936	0.0262451
1.694	0.0238037
1.6944	0.0231934
1.6948	0.0256348
1.6952	0.022583
1.6956	0.0256348
1.696	0.0250244
1.6964	0.0238037
1.6968	0.0268555
1.6972	0.0231934
1.6976	0.0250244
1.698	0.0244141
1.6984	0.0250244
1.6988	0.0262451
1.6992	0.0256348
1.6996	0.022583
1.7	0.0256348
1.7004	0.0250244
1.7008	0.0256348
1.7012	0.0250244
1.7016	0.0250244
1.702	0.0256348
1.7024	0.0262451
1.7028	0.0238037
1.7032	0.0244141
1.7036	0.022583
1.704	0.022583
1.7044	0.0238037
1.7048	0.0244141
1.7052	0.0213623
1.7056	0.022583
1.706	0.022583
1.7064	0.0231934
1.7068	0.0250244
1.7072	0.022583
1.7076	0.0238037
1.708	0.0213623
1.7084	0.0213623
1.7088	0.022583
1.7092	0.0213623
1.7096	0.0231934
1.71	0.0244141
1.7104	0.0244141
1.7108	0.0213623
1.7112	0.022583
1.7116	0.0231934
1.712	0.0231934
1.7124	0.0231934
1.7128	0.0201416
1.7132	0.0238037
1.7136	0.0238037
1.714	0.022583
1.7144	0.0231934
1.7148	0.022583
1.7152	0.0231934
1.7156	0.0256348
1.716	0.0238037
1.7164	0.0238037
1.7168	0.0250244
1.7172	0.0213623
1.7176	0.0219727
1.718	0.022583
1.7184	0.0213623
1.7188	0.0268555
1.7192	0.022583
1.7196	0.0219727
1.72	0.0250244
1.7204	0.0256348
1.7208	0.0231934
1.7212	0.0238037
1.7216	0.0231934
1.722	0.0244141
1.7224	0.0238037
1.7228	0.022583
1.7232	0.020752
1.7236	0.0238037
1.724	0.0231934
1.7244	0.0231934
1.7248	0.0244141
1.7252	0.0219727
1.7256	0.0238037
1.726	0.0238037
1.7264	0.0213623
1.7268	0.0244141
1.7272	0.0231934
1.7276	0.0213623
1.728	0.0244141
1.7284	0.020752
1.7288	0.0250244
1.7292	0.0238037
1.7296	0.022583
1.73	0.0244141
1.7304	0.0244141
1.7308	0.0231934
1.7312	0.0256348
1.7316	0.0250244
1.732	0.0238037
1.7324	0.0238037
1.7328	0.0238037
1.7332	0.0250244
1.7336	0.0274658
1.734	0.0238037
1.7344	0.0268555
1.7348	0.0262451
1.7352	0.020752
1.7356	0.0238037
1.736	0.0244141
1.7364	0.0219727
1.7368	0.0238037
1.7372	0.0219727
1.7376	0.0238037
1.738	0.0244141
1.7384	0.0219727
1.7388	0.0244141
1.7392	0.0213623
1.7396	0.0250244
1.74	0.0244141
1.7404	0.0250244
1.7408	0.0231934
1.7412	0.0238037
1.7416	0.022583
1.742	0.020752
1.7424	0.0231934
1.7428	0.0219727
1.7432	0.0231934
1.7436	0.0231934
1.744	0.0219727
1.7444	0.0256348
1.7448	0.0256348
1.7452	0.0201416
1.7456	0.0250244
1.746	0.0231934
1.7464	0.0231934
1.7468	0.0244141
1.7472	0.0213623
1.7476	0.022583
1.748	0.022583
1.7484	0.0219727
1.7488	0.0231934
1.7492	0.0250244
1.7496	0.0231934
1.75	0.0231934
1.7504	0.0231934
1.7508	0.0213623
1.7512	0.0256348
1.7516	0.0231934
1.752	0.0238037
1.7524	0.0250244
1.7528	0.022583
1.7532	0.0244141
1.7536	0.0256348
1.754	0.0231934
1.7544	0.0244141
1.7548	0.0231934
1.7552	0.0231934
1.7556	0.0262451
1.756	0.0219727
1.7564	0.020752
1.7568	0.0250244
1.7572	0.0238037
1.7576	0.0244141
1.758	0.0244141
1.7584	0.0238037
1.7588	0.0250244
1.7592	0.0238037
1.7596	0.0213623
1.76	0.0250244
1.7604	0.020752
1.7608	0.0219727
1.7612	0.0238037
1.7616	0.0219727
1.762	0.0213623
1.7624	0.0238037
1.7628	0.0213623
1.7632	0.0219727
1.7636	0.0231934
1.764	0.022583
1.7644	0.0238037
1.7648	0.0238037
1.7652	0.0219727
1.7656	0.0231934
1.766	0.0244141
1.7664	0.0231934
1.7668	0.0238037
1.7672	0.022583
1.7676	0.0244141
1.768	0.0231934
1.7684	0.0219727
1.7688	0.0231934
1.7692	0.0250244
1.7696	0.0256348
1.77	0.0244141
1.7704	0.0250244
1.7708	0.0213623
1.7712	0.0238037
1.7716	0.0250244
1.772	0.0244141
1.7724	0.0238037
1.7728	0.0231934
1.7732	0.0244141
1.7736	0.0238037
1.774	0.020752
1.7744	0.0244141
1.7748	0.0238037
1.7752	0.0238037
1.7756	0.0262451
1.776	0.0262451
1.7764	0.0231934
1.7768	0.0256348
1.7772	0.0238037
1.7776	0.0231934
1.778	0.022583
1.7784	0.0231934
1.7788	0.0238037
1.7792	0.0238037
1.7796	0.0250244
1.78	0.0256348
1.7804	0.0231934
1.7808	0.0213623
1.7812	0.0244141
1.7816	0.0238037
1.782	0.0213623
1.7824	0.0231934
1.7828	0.0244141
1.7832	0.0231934
1.7836	0.0231934
1.784	0.0219727
1.7844	0.0238037
1.7848	0.0219727
1.7852	0.0219727
1.7856	0.0268555
1.786	0.0231934
1.7864	0.0238037
1.7868	0.0262451
1.7872	0.0231934
1.7876	0.0231934
1.788	0.022583
1.7884	0.022583
1.7888	0.0244141
1.7892	0.0238037
1.7896	0.0231934
1.79	0.022583
1.7904	0.0244141
1.7908	0.022583
1.7912	0.0213623
1.7916	0.0231934
1.792	0.0244141
1.7924	0.0244141
1.7928	0.022583
1.7932	0.022583
1.7936	0.0256348
1.794	0.0219727
1.7944	0.0231934
1.7948	0.0238037
1.7952	0.020752
1.7956	0.0256348
1.796	0.020752
1.7964	0.0195312
1.7968	0.0213623
1.7972	0.0201416
1.7976	0.022583
1.798	0.0238037
1.7984	0.0231934
1.7988	0.0231934
1.7992	0.0213623
1.7996	0.0231934
1.8	0.0262451
1.8004	0.0231934
1.8008	0.0231934
1.8012	0.0238037
1.8016	0.0231934
1.802	0.0244141
1.8024	0.0256348
1.8028	0.0231934
1.8032	0.0238037
1.8036	0.022583
1.804	0.0213623
1.8044	0.0244141
1.8048	0.0244141
1.8052	0.020752
1.8056	0.0238037
1.806	0.022583
1.8064	0.0244141
1.8068	0.0244141
1.8072	0.0219727
1.8076	0.0219727
1.808	0.0238037
1.8084	0.022583
1.8088	0.0238037
1.8092	0.0250244
1.8096	0.0219727
1.81	0.022583
1.8104	0.0244141
1.8108	0.0244141
1.8112	0.0250244
1.8116	0.0219727
1.812	0.0231934
1.8124	0.0244141
1.8128	0.022583
1.8132	0.0250244
1.8136	0.022583
1.814	0.0250244
1.8144	0.0244141
1.8148	0.0231934
1.8152	0.0213623
1.8156	0.0244141
1.816	0.0238037
1.8164	0.0219727
1.8168	0.0231934
1.8172	0.0250244
1.8176	0.0250244
1.818	0.0238037
1.8184	0.0219727
1.8188	0.0256348
1.8192	0.0219727
1.8196	0.020752
1.82	0.0250244
1.8204	0.022583
1.8208	0.0231934
1.8212	0.0213623
1.8216	0.022583
1.822	0.022583
1.8224	0.0238037
1.8228	0.0238037
1.8232	0.0219727
1.8236	0.0231934
1.824	0.020752
1.8244	0.0250244
1.8248	0.0244141
1.8252	0.0213623
1.8256	0.0262451
1.826	0.0231934
1.8264	0.022583
1.8268	0.0250244
1.8272	0.022583
1.8276	0.0231934
1.828	0.0238037
1.8284	0.0238037
1.8288	0.022583
1.8292	0.0231934
1.8296	0.0213623
1.83	0.0238037
1.8304	0.022583
1.8308	0.022583
1.8312	0.022583
1.8316	0.0238037
1.832	0.0238037
1.8324	0.0238037
1.8328	0.0213623
1.8332	0.0256348
1.8336	0.0262451
1.834	0.0231934
1.8344	0.0250244
1.8348	0.022583
1.8352	0.0213623
1.8356	0.0250244
1.836	0.0250244
1.8364	0.0256348
1.8368	0.0244141
1.8372	0.022583
1.8376	0.020752
1.838	0.022583
1.8384	0.0231934
1.8388	0.0238037
1.8392	0.0219727
1.8396	0.0219727
1.84	0.0256348
1.8404	0.022583
1.8408	0.0238037
1.8412	0.0250244
1.8416	0.0238037
1.842	0.0250244
1.8424	0.0219727
1.8428	0.022583
1.8432	0.0238037
1.8436	0.0219727
1.844	0.022583
1.8444	0.0250244
1.8448	0.0213623
1.8452	0.0238037
1.8456	0.0262451
1.846	0.022583
1.8464	0.0201416
1.8468	0.0213623
1.8472	0.0213623
1.8476	0.0231934
1.848	0.022583
1.8484	0.0213623
1.8488	0.0244141
1.8492	0.0231934
1.8496	0.0231934
1.85	0.022583
1.8504	0.020752
1.8508	0.022583
1.8512	0.0244141
1.8516	0.0219727
1.852	0.0250244
1.8524	0.0268555
1.8528	0.0231934
1.8532	0.0231934
1.8536	0.0262451
1.854	0.0238037
1.8544	0.0238037
1.8548	0.0250244
1.8552	0.022583
1.8556	0.022583
1.856	0.022583
1.8564	0.022583
1.8568	0.0256348
1.8572	0.0238037
1.8576	0.0238037
1.858	0.0231934
1.8584	0.0244141
1.8588	0.022583
1.8592	0.0256348
1.8596	0.0213623
1.86	0.0238037
1.8604	0.0238037
1.8608	0.0250244
1.8612	0.0250244
1.8616	0.022583
1.862	0.0219727
1.8624	0.0250244
1.8628	0.0231934
1.8632	0.0219727
1.8636	0.0213623
1.864	0.0213623
1.8644	0.0244141
1.8648	0.022583
1.8652	0.0219727
1.8656	0.022583
1.866	0.022583
1.8664	0.0256348
1.8668	0.0238037
1.8672	0.0231934
1.8676	0.0250244
1.868	0.0238037
1.8684	0.0231934
1.8688	0.0250244
1.8692	0.0256348
1.8696	0.022583
1.87	0.0250244
1.8704	0.022583
1.8708	0.0238037
1.8712	0.0244141
1.8716	0.0244141
1.872	0.0244141
1.8724	0.0250244
1.8728	0.0238037
1.8732	0.022583
1.8736	0.0256348
1.874	0.0231934
1.8744	0.0244141
1.8748	0.0231934
1.8752	0.0244141
1.8756	0.0256348
1.876	0.0219727
1.8764	0.0213623
1.8768	0.0231934
1.8772	0.020752
1.8776	0.0231934
1.878	0.022583
1.8784	0.0219727
1.8788	0.0219727
1.8792	0.0250244
1.8796	0.0213623
1.88	0.0256348
1.8804	0.0238037
1.8808	0.0213623
1.8812	0.0262451
1.8816	0.022583
1.882	0.0219727
1.8824	0.0238037
1.8828	0.022583
1.8832	0.0219727
1.8836	0.0231934
1.884	0.0244141
1.8844	0.0244141
1.8848	0.022583
1.8852	0.0213623
1.8856	0.0250244
1.886	0.0256348
1.8864	0.0244141
1.8868	0.0213623
1.8872	0.0219727
1.8876	0.0213623
1.888	0.0244141
1.8884	0.0213623
1.8888	0.0231934
1.8892	0.0231934
1.8896	0.0238037
1.89	0.0238037
1.8904	0.0219727
1.8908	0.0213623
1.8912	0.0256348
1.8916	0.0244141
1.892	0.022583
1.8924	0.0238037
1.8928	0.0213623
1.8932	0.0250244
1.8936	0.022583
1.894	0.0219727
1.8944	0.0238037
1.8948	0.020752
1.8952	0.022583
1.8956	0.0238037
1.896	0.020752
1.8964	0.022583
1.8968	0.0231934
1.8972	0.0244141
1.8976	0.0231934
1.898	0.0256348
1.8984	0.0238037
1.8988	0.0262451
1.8992	0.0262451
1.8996	0.0231934
1.9	0.0238037
1.9004	0.0219727
1.9008	0.0250244
1.9012	0.0244141
1.9016	0.0219727
1.902	0.0219727
1.9024	0.0238037
1.9028	0.020752
1.9032	0.0250244
1.9036	0.0219727
1.904	0.022583
1.9044	0.0231934
1.9048	0.022583
1.9052	0.0231934
1.9056	0.0244141
1.906	0.0250244
1.9064	0.0231934
1.9068	0.0256348
1.9072	0.0219727
1.9076	0.0250244
1.908	0.0231934
1.9084	0.0256348
1.9088	0.0238037
1.9092	0.0256348
1.9096	0.0231934
1.91	0.0244141
1.9104	0.0238037
1.9108	0.0238037
1.9112	0.0238037
1.9116	0.022583
1.912	0.022583
1.9124	0.0238037
1.9128	0.0213623
1.9132	0.0231934
1.9136	0.0250244
1.914	0.0256348
1.9144	0.0250244
1.9148	0.0250244
1.9152	0.022583
1.9156	0.0231934
1.916	0.022583
1.9164	0.0231934
1.9168	0.0250244
1.9172	0.0219727
1.9176	0.0238037
1.918	0.0250244
1.9184	0.0219727
1.9188	0.0238037
1.9192	0.0231934
1.9196	0.022583
1.92	0.0244141
1.9204	0.0231934
1.9208	0.022583
1.9212	0.022583
1.9216	0.0238037
1.922	0.0238037
1.9224	0.0244141
1.9228	0.0238037
1.9232	0.0231934
1.9236	0.0231934
1.924	0.0213623
1.9244	0.0231934
1.9248	0.0231934
1.9252	0.022583
1.9256	0.0250244
1.926	0.0213623
1.9264	0.0238037
1.9268	0.0219727
1.9272	0.0213623
1.9276	0.0238037
1.928	0.0250244
1.9284	0.020752
1.9288	0.022583
1.9292	0.022583
1.9296	0.0231934
1.93	0.022583
1.9304	0.020752
1.9308	0.020752
1.9312	0.0231934
1.9316	0.0231934
1.932	0.0238037
1.9324	0.0238037
1.9328	0.0238037
1.9332	0.0231934
1.9336	0.0238037
1.934	0.0219727
1.9344	0.0238037
1.9348	0.0219727
1.9352	0.0238037
1.9356	0.022583
1.936	0.0219727
1.9364	0.0201416
1.9368	0.0238037
1.9372	0.0219727
1.9376	0.022583
1.938	0.0189209
1.9384	0.0231934
1.9388	0.0250244
1.9392	0.022583
1.9396	0.0256348
1.94	0.0244141
1.9404	0.0238037
1.9408	0.020752
1.9412	0.0238037
1.9416	0.0219727
1.942	0.0201416
1.9424	0.0238037
1.9428	0.0231934
1.9432	0.0231934
1.9436	0.0250244
1.944	0.022583
1.9444	0.0244141
1.9448	0.0231934
1.9452	0.0219727
1.9456	0.0250244
1.946	0.022583
1.9464	0.0250244
1.9468	0.0250244
1.9472	0.0238037
1.9476	0.0231934
1.948	0.0238037
1.9484	0.022583
1.9488	0.022583
1.9492	0.0238037
1.9496	0.0244141
1.95	0.022583
1.9504	0.0213623
1.9508	0.0213623
1.9512	0.0213623
1.9516	0.0231934
1.952	0.0219727
1.9524	0.0201416
1.9528	0.0231934
1.9532	0.0244141
1.9536	0.0238037
1.954	0.022583
1.9544	0.0250244
1.9548	0.0250244
1.9552	0.0219727
1.9556	0.0262451
1.956	0.0244141
1.9564	0.022583
1.9568	0.0250244
1.9572	0.022583
1.9576	0.0231934
1.958	0.0244141
1.9584	0.0213623
1.9588	0.0250244
1.9592	0.0250244
1.9596	0.020752
1.96	0.0244141
1.9604	0.022583
1.9608	0.0238037
1.9612	0.022583
1.9616	0.022583
1.962	0.0231934
1.9624	0.0219727
1.9628	0.0219727
1.9632	0.022583
1.9636	0.0213623
1.964	0.022583
1.9644	0.022583
1.9648	0.0244141
1.9652	0.0231934
1.9656	0.0231934
1.966	0.0231934
1.9664	0.0231934
1.9668	0.0238037
1.9672	0.022583
1.9676	0.0256348
1.968	0.022583
1.9684	0.0219727
1.9688	0.0238037
1.9692	0.022583
1.9696	0.0219727
1.97	0.0250244
1.9704	0.0219727
1.9708	0.0219727
1.9712	0.0244141
1.9716	0.0219727
1.972	0.0231934
1.9724	0.0256348
1.9728	0.0238037
1.9732	0.0231934
1.9736	0.022583
1.974	0.022583
1.9744	0.0244141
1.9748	0.0250244
1.9752	0.0238037
1.9756	0.022583
1.976	0.0213623
1.9764	0.0244141
1.9768	0.0262451
1.9772	0.0219727
1.9776	0.0231934
1.978	0.0244141
1.9784	0.0231934
1.9788	0.0231934
1.9792	0.0244141
1.9796	0.0238037
1.98	0.0238037
1.9804	0.0219727
1.9808	0.0213623
1.9812	0.0231934
1.9816	0.0231934
1.982	0.0231934
1.9824	0.0244141
1.9828	0.0219727
1.9832	0.0244141
1.9836	0.0262451
1.984	0.0231934
1.9844	0.0262451
1.9848	0.0238037
1.9852	0.0244141
1.9856	0.0238037
1.986	0.0213623
1.9864	0.0219727
1.9868	0.0219727
1.9872	0.0219727
1.9876	0.0231934
1.988	0.0238037
1.9884	0.022583
1.9888	0.0231934
1.9892	0.0244141
1.9896	0.0244141
1.99	0.0231934
1.9904	0.022583
1.9908	0.0231934
1.9912	0.022583
1.9916	0.022583
1.992	0.0219727
1.9924	0.0231934
1.9928	0.0231934
1.9932	0.0231934
1.9936	0.0238037
1.994	0.0238037
1.9944	0.0250244
1.9948	0.0244141
1.9952	0.0231934
1.9956	0.0262451
1.996	0.0238037
1.9964	0.0219727
1.9968	0.022583
1.9972	0.0219727
1.9976	0.022583
1.998	0.0238037
1.9984	0.0238037
1.9988	0.022583
1.9992	0.0256348
1.9996	0.020752
2	0.0244141
